%YAML:1.0
---
R: !!opencv-matrix
   rows: 3
   cols: 3
   dt: d
   data: [ 9.7033939002591363e-01, -6.4349616890119810e-02,
       -2.3302488058195128e-01, 5.5825842434142535e-02,
       9.9751422662721390e-01, -4.2998174296469495e-02,
       2.3521254958155643e-01, 2.8714011952461226e-02,
       9.7151971778082702e-01 ]
T: !!opencv-matrix
   rows: 3
   cols: 1
   dt: d
   data: [ 3.5280020667974299e-01, 3.1318333564045384e-02,
       3.8180315641613415e-02 ]
R1: !!opencv-matrix
   rows: 3
   cols: 3
   dt: d
   data: [ 9.9108837822128637e-01, 2.7044266519772601e-02,
       -1.3043172238036166e-01, -2.8930273486091462e-02,
       9.9950218811291391e-01, -1.2586311354685426e-02,
       1.3002640435973067e-01, 1.6247572308029139e-02,
       9.9137740067210289e-01 ]
R2: !!opencv-matrix
   rows: 3
   cols: 3
   dt: d
   data: [ 9.9034564072717557e-01, 8.7913710175761939e-02,
       1.0717598357753605e-01, -8.9456843113286277e-02,
       9.9594378370782866e-01, 9.6671047340244291e-03,
       -1.0589138356299360e-01, -1.9161400180201949e-02,
       9.9419306758307724e-01 ]
P1: !!opencv-matrix
   rows: 3
   cols: 4
   dt: d
   data: [ 1.9152261027691368e+03, 0., 3.0835739898681641e+02, 0., 0.,
       1.9152261027691368e+03, 1.6593256759643555e+02, 0., 0., 0., 1.,
       0. ]
P2: !!opencv-matrix
   rows: 3
   cols: 4
   dt: d
   data: [ 1.9152261027691368e+03, 0., 3.0835739898681641e+02,
       6.8227913276747847e+02, 0., 1.9152261027691368e+03,
       1.6593256759643555e+02, 0., 0., 0., 1., 0. ]
Q: !!opencv-matrix
   rows: 4
   cols: 4
   dt: d
   data: [ 1., 0., 0., -3.0835739898681641e+02, 0., 1., 0.,
       -1.6593256759643555e+02, 0., 0., 0., 1.9152261027691368e+03, 0.,
       0., -2.8071005117810746e+00, 0. ]
