%YAML:1.0
---
M1: !!opencv-matrix
   rows: 3
   cols: 3
   dt: d
   data: [ 9.5509475003728164e+02, 0., 2.9410993911021086e+02, 0.,
       9.4530804409868881e+02, 1.6562257509478843e+02, 0., 0., 1. ]
D1: !!opencv-matrix
   rows: 14
   cols: 1
   dt: d
   data: [ 9.3096261330162235e+01, 1.8868210429696923e+01,
       -1.9512398103755799e-02, 2.4313265440356696e-02,
       2.9290449355965009e+01, 9.2131988676986964e+01,
       -4.2010974488516304e+00, 5.5305690547109627e+01, 0., 0., 0., 0.,
       0., 0. ]
M2: !!opencv-matrix
   rows: 3
   cols: 3
   dt: d
   data: [ 9.4350625481232180e+02, 0., 3.0043600377956142e+02, 0.,
       9.3971046125849750e+02, 1.6340746280001736e+02, 0., 0., 1. ]
D2: !!opencv-matrix
   rows: 14
   cols: 1
   dt: d
   data: [ 1.5989388417634544e+02, 1.0093682891229244e+01,
       -2.1621647763984245e-02, -1.2658125137458367e-02,
       1.9476499717943749e+01, 1.5895274985194771e+02,
       -1.4353445300638871e+01, -3.0481202689483176e+01, 0., 0., 0., 0.,
       0., 0. ]
